55.8970769154251 -32.3431217423092 18.5707782202589 0.223199663153679 12.7249252395919 -29.0565471304555 2.89396041049114 -11.4059065890458 -21.1059841874689 21.3285858407493 -16.0324021594739
-32.3431217423092 37.3448521237806 -6.84598656094727 12.9789627451656 -23.1387682941499 10.601479400766 0.298200875025512 17.4885877319619 4.52282573533758 -37.1598953057837 26.4208268464178
18.5707782202589 -6.84598656094727 68.1479505944469 2.3098052975837 12.0709338424862 -10.692172753318 -51.5794445007698 -33.8818996768908 9.53408333352149 1.57555963451716 -1.55678265311529
0.223199663153679 12.9789627451656 2.3098052975837 19.2349550730418 -11.4857363686405 12.7398930902087 -8.95273890826237 11.0546147778672 -21.5684630138599 -0.308723602608364 3.42089821803477
12.7249252395919 -23.1387682941499 12.0709338424862 -11.4857363686405 103.667206854264 -18.2189553805563 -41.7350551315863 -25.480290015387 -13.8747296783104 -14.0285941108435 34.9739583266759
-29.0565471304555 10.601479400766 -10.692172753318 12.7398930902087 -18.2189553805563 69.9799157543765 -12.3095231393572 -4.65687951728042 22.2344114053114 -26.5884944422918 -21.376462389671
2.89396041049114 0.298200875025512 -51.5794445007698 -8.95273890826237 -41.7350551315863 -12.3095231393572 95.7314616948193 28.7352081972064 -17.5437420829628 13.0134648490846 -11.1244187848828
-11.4059065890458 17.4885877319619 -33.8818996768908 11.0546147778672 -25.480290015387 -4.65687951728042 28.7352081972064 30.9344260732067 -16.212343950765 -5.11404489871289 -0.646660455689581
-21.1059841874689 4.52282573533758 9.53408333352149 -21.5684630138599 -13.8747296783104 22.2344114053114 -17.5437420829628 -16.212343950765 58.1159597188181 -16.8392876183266 10.4091095754848
21.3285858407493 -37.1598953057837 1.57555963451716 -0.308723602608364 -14.0285941108435 -26.5884944422918 13.0134648490846 -5.11404489871289 -16.8392876183266 69.3727311464231 -32.4935978290146
-16.0324021594739 26.4208268464178 -1.55678265311529 3.42089821803477 34.9739583266759 -21.376462389671 -11.1244187848828 -0.646660455689581 10.4091095754848 -32.4935978290146 33.3210180469769
