"school" "1" "2" "3" "4" "5" "6" "7" "8" "9" "10" "11" "12"
"sch01" 0.0841346153846154 0.0865384615384615 0.0961538461538462 0.0985576923076923 0.0600961538461538 0.0600961538461538 0.0745192307692308 0.0745192307692308 0.0889423076923077 0.0865384615384615 0.09375 0.0961538461538462
"sch01" 0.0841346153846154 0.0865384615384615 0.0961538461538462 0.0985576923076923 0.0600961538461538 0.0600961538461538 0.0745192307692308 0.0745192307692308 0.0889423076923077 0.0865384615384615 0.09375 0.0961538461538462
"sch01" 0.0841346153846154 0.0865384615384615 0.0961538461538462 0.0985576923076923 0.0600961538461538 0.0600961538461538 0.0745192307692308 0.0745192307692308 0.0889423076923077 0.0865384615384615 0.09375 0.0961538461538462
"sch01" 0.0841346153846154 0.0865384615384615 0.0961538461538462 0.0985576923076923 0.0600961538461538 0.0600961538461538 0.0745192307692308 0.0745192307692308 0.0889423076923077 0.0865384615384615 0.09375 0.0961538461538462
"sch01" 0.0841346153846154 0.0865384615384615 0.0961538461538462 0.0985576923076923 0.0600961538461538 0.0600961538461538 0.0745192307692308 0.0745192307692308 0.0889423076923077 0.0865384615384615 0.09375 0.0961538461538462
"sch01" 0.0841346153846154 0.0865384615384615 0.0961538461538462 0.0985576923076923 0.0600961538461538 0.0600961538461538 0.0745192307692308 0.0745192307692308 0.0889423076923077 0.0865384615384615 0.09375 0.0961538461538462
"sch01" 0.0841346153846154 0.0865384615384615 0.0961538461538462 0.0985576923076923 0.0600961538461538 0.0600961538461538 0.0745192307692308 0.0745192307692308 0.0889423076923077 0.0865384615384615 0.09375 0.0961538461538462
"sch01" 0.0841346153846154 0.0865384615384615 0.0961538461538462 0.0985576923076923 0.0600961538461538 0.0600961538461538 0.0745192307692308 0.0745192307692308 0.0889423076923077 0.0865384615384615 0.09375 0.0961538461538462
"sch01" 0.0841346153846154 0.0865384615384615 0.0961538461538462 0.0985576923076923 0.0600961538461538 0.0600961538461538 0.0745192307692308 0.0745192307692308 0.0889423076923077 0.0865384615384615 0.09375 0.0961538461538462
"sch01" 0.0841346153846154 0.0865384615384615 0.0961538461538462 0.0985576923076923 0.0600961538461538 0.0600961538461538 0.0745192307692308 0.0745192307692308 0.0889423076923077 0.0865384615384615 0.09375 0.0961538461538462
"sch01" 0.0841346153846154 0.0865384615384615 0.0961538461538462 0.0985576923076923 0.0600961538461538 0.0600961538461538 0.0745192307692308 0.0745192307692308 0.0889423076923077 0.0865384615384615 0.09375 0.0961538461538462
"sch01" 0.0841346153846154 0.0865384615384615 0.0961538461538462 0.0985576923076923 0.0600961538461538 0.0600961538461538 0.0745192307692308 0.0745192307692308 0.0889423076923077 0.0865384615384615 0.09375 0.0961538461538462
"sch02" 0.0494505494505494 0.0494505494505494 0.115384615384615 0.115384615384615 0.0879120879120879 0.0879120879120879 0.0824175824175824 0.0769230769230769 0.0494505494505494 0.0494505494505494 0.120879120879121 0.115384615384615
"sch02" 0.0494505494505494 0.0494505494505494 0.115384615384615 0.115384615384615 0.0879120879120879 0.0879120879120879 0.0824175824175824 0.0769230769230769 0.0494505494505494 0.0494505494505494 0.120879120879121 0.115384615384615
"sch02" 0.0494505494505494 0.0494505494505494 0.115384615384615 0.115384615384615 0.0879120879120879 0.0879120879120879 0.0824175824175824 0.0769230769230769 0.0494505494505494 0.0494505494505494 0.120879120879121 0.115384615384615
"sch02" 0.0494505494505494 0.0494505494505494 0.115384615384615 0.115384615384615 0.0879120879120879 0.0879120879120879 0.0824175824175824 0.0769230769230769 0.0494505494505494 0.0494505494505494 0.120879120879121 0.115384615384615
"sch02" 0.0494505494505494 0.0494505494505494 0.115384615384615 0.115384615384615 0.0879120879120879 0.0879120879120879 0.0824175824175824 0.0769230769230769 0.0494505494505494 0.0494505494505494 0.120879120879121 0.115384615384615
"sch02" 0.0494505494505494 0.0494505494505494 0.115384615384615 0.115384615384615 0.0879120879120879 0.0879120879120879 0.0824175824175824 0.0769230769230769 0.0494505494505494 0.0494505494505494 0.120879120879121 0.115384615384615
"sch02" 0.0494505494505494 0.0494505494505494 0.115384615384615 0.115384615384615 0.0879120879120879 0.0879120879120879 0.0824175824175824 0.0769230769230769 0.0494505494505494 0.0494505494505494 0.120879120879121 0.115384615384615
"sch02" 0.0494505494505494 0.0494505494505494 0.115384615384615 0.115384615384615 0.0879120879120879 0.0879120879120879 0.0824175824175824 0.0769230769230769 0.0494505494505494 0.0494505494505494 0.120879120879121 0.115384615384615
"sch02" 0.0494505494505494 0.0494505494505494 0.115384615384615 0.115384615384615 0.0879120879120879 0.0879120879120879 0.0824175824175824 0.0769230769230769 0.0494505494505494 0.0494505494505494 0.120879120879121 0.115384615384615
"sch02" 0.0494505494505494 0.0494505494505494 0.115384615384615 0.115384615384615 0.0879120879120879 0.0879120879120879 0.0824175824175824 0.0769230769230769 0.0494505494505494 0.0494505494505494 0.120879120879121 0.115384615384615
"sch02" 0.0494505494505494 0.0494505494505494 0.115384615384615 0.115384615384615 0.0879120879120879 0.0879120879120879 0.0824175824175824 0.0769230769230769 0.0494505494505494 0.0494505494505494 0.120879120879121 0.115384615384615
"sch02" 0.0494505494505494 0.0494505494505494 0.115384615384615 0.115384615384615 0.0879120879120879 0.0879120879120879 0.0824175824175824 0.0769230769230769 0.0494505494505494 0.0494505494505494 0.120879120879121 0.115384615384615
"sch03" 0.0873563218390805 0.0873563218390805 0.0850574712643678 0.0850574712643678 0.0850574712643678 0.0827586206896552 0.0781609195402299 0.0781609195402299 0.0804597701149425 0.0804597701149425 0.0850574712643678 0.0850574712643678
"sch03" 0.0873563218390805 0.0873563218390805 0.0850574712643678 0.0850574712643678 0.0850574712643678 0.0827586206896552 0.0781609195402299 0.0781609195402299 0.0804597701149425 0.0804597701149425 0.0850574712643678 0.0850574712643678
"sch03" 0.0873563218390805 0.0873563218390805 0.0850574712643678 0.0850574712643678 0.0850574712643678 0.0827586206896552 0.0781609195402299 0.0781609195402299 0.0804597701149425 0.0804597701149425 0.0850574712643678 0.0850574712643678
"sch03" 0.0873563218390805 0.0873563218390805 0.0850574712643678 0.0850574712643678 0.0850574712643678 0.0827586206896552 0.0781609195402299 0.0781609195402299 0.0804597701149425 0.0804597701149425 0.0850574712643678 0.0850574712643678
"sch03" 0.0873563218390805 0.0873563218390805 0.0850574712643678 0.0850574712643678 0.0850574712643678 0.0827586206896552 0.0781609195402299 0.0781609195402299 0.0804597701149425 0.0804597701149425 0.0850574712643678 0.0850574712643678
"sch03" 0.0873563218390805 0.0873563218390805 0.0850574712643678 0.0850574712643678 0.0850574712643678 0.0827586206896552 0.0781609195402299 0.0781609195402299 0.0804597701149425 0.0804597701149425 0.0850574712643678 0.0850574712643678
"sch03" 0.0873563218390805 0.0873563218390805 0.0850574712643678 0.0850574712643678 0.0850574712643678 0.0827586206896552 0.0781609195402299 0.0781609195402299 0.0804597701149425 0.0804597701149425 0.0850574712643678 0.0850574712643678
"sch03" 0.0873563218390805 0.0873563218390805 0.0850574712643678 0.0850574712643678 0.0850574712643678 0.0827586206896552 0.0781609195402299 0.0781609195402299 0.0804597701149425 0.0804597701149425 0.0850574712643678 0.0850574712643678
"sch03" 0.0873563218390805 0.0873563218390805 0.0850574712643678 0.0850574712643678 0.0850574712643678 0.0827586206896552 0.0781609195402299 0.0781609195402299 0.0804597701149425 0.0804597701149425 0.0850574712643678 0.0850574712643678
"sch03" 0.0873563218390805 0.0873563218390805 0.0850574712643678 0.0850574712643678 0.0850574712643678 0.0827586206896552 0.0781609195402299 0.0781609195402299 0.0804597701149425 0.0804597701149425 0.0850574712643678 0.0850574712643678
"sch03" 0.0873563218390805 0.0873563218390805 0.0850574712643678 0.0850574712643678 0.0850574712643678 0.0827586206896552 0.0781609195402299 0.0781609195402299 0.0804597701149425 0.0804597701149425 0.0850574712643678 0.0850574712643678
"sch03" 0.0873563218390805 0.0873563218390805 0.0850574712643678 0.0850574712643678 0.0850574712643678 0.0827586206896552 0.0781609195402299 0.0781609195402299 0.0804597701149425 0.0804597701149425 0.0850574712643678 0.0850574712643678
"sch04" 0.082089552238806 0.0771144278606965 0.0895522388059701 0.0895522388059701 0.0970149253731343 0.0945273631840796 0.0845771144278607 0.082089552238806 0.0746268656716418 0.0746268656716418 0.0771144278606965 0.0771144278606965
"sch04" 0.082089552238806 0.0771144278606965 0.0895522388059701 0.0895522388059701 0.0970149253731343 0.0945273631840796 0.0845771144278607 0.082089552238806 0.0746268656716418 0.0746268656716418 0.0771144278606965 0.0771144278606965
"sch04" 0.082089552238806 0.0771144278606965 0.0895522388059701 0.0895522388059701 0.0970149253731343 0.0945273631840796 0.0845771144278607 0.082089552238806 0.0746268656716418 0.0746268656716418 0.0771144278606965 0.0771144278606965
"sch04" 0.082089552238806 0.0771144278606965 0.0895522388059701 0.0895522388059701 0.0970149253731343 0.0945273631840796 0.0845771144278607 0.082089552238806 0.0746268656716418 0.0746268656716418 0.0771144278606965 0.0771144278606965
"sch04" 0.082089552238806 0.0771144278606965 0.0895522388059701 0.0895522388059701 0.0970149253731343 0.0945273631840796 0.0845771144278607 0.082089552238806 0.0746268656716418 0.0746268656716418 0.0771144278606965 0.0771144278606965
"sch04" 0.082089552238806 0.0771144278606965 0.0895522388059701 0.0895522388059701 0.0970149253731343 0.0945273631840796 0.0845771144278607 0.082089552238806 0.0746268656716418 0.0746268656716418 0.0771144278606965 0.0771144278606965
"sch04" 0.082089552238806 0.0771144278606965 0.0895522388059701 0.0895522388059701 0.0970149253731343 0.0945273631840796 0.0845771144278607 0.082089552238806 0.0746268656716418 0.0746268656716418 0.0771144278606965 0.0771144278606965
"sch04" 0.082089552238806 0.0771144278606965 0.0895522388059701 0.0895522388059701 0.0970149253731343 0.0945273631840796 0.0845771144278607 0.082089552238806 0.0746268656716418 0.0746268656716418 0.0771144278606965 0.0771144278606965
"sch04" 0.082089552238806 0.0771144278606965 0.0895522388059701 0.0895522388059701 0.0970149253731343 0.0945273631840796 0.0845771144278607 0.082089552238806 0.0746268656716418 0.0746268656716418 0.0771144278606965 0.0771144278606965
"sch04" 0.082089552238806 0.0771144278606965 0.0895522388059701 0.0895522388059701 0.0970149253731343 0.0945273631840796 0.0845771144278607 0.082089552238806 0.0746268656716418 0.0746268656716418 0.0771144278606965 0.0771144278606965
"sch04" 0.082089552238806 0.0771144278606965 0.0895522388059701 0.0895522388059701 0.0970149253731343 0.0945273631840796 0.0845771144278607 0.082089552238806 0.0746268656716418 0.0746268656716418 0.0771144278606965 0.0771144278606965
"sch04" 0.082089552238806 0.0771144278606965 0.0895522388059701 0.0895522388059701 0.0970149253731343 0.0945273631840796 0.0845771144278607 0.082089552238806 0.0746268656716418 0.0746268656716418 0.0771144278606965 0.0771144278606965
"sch05" 0.0725552050473186 0.0694006309148265 0.0946372239747634 0.0946372239747634 0.0883280757097792 0.0883280757097792 0.0851735015772871 0.082018927444795 0.0694006309148265 0.0694006309148265 0.0914826498422713 0.0946372239747634
"sch05" 0.0725552050473186 0.0694006309148265 0.0946372239747634 0.0946372239747634 0.0883280757097792 0.0883280757097792 0.0851735015772871 0.082018927444795 0.0694006309148265 0.0694006309148265 0.0914826498422713 0.0946372239747634
"sch05" 0.0725552050473186 0.0694006309148265 0.0946372239747634 0.0946372239747634 0.0883280757097792 0.0883280757097792 0.0851735015772871 0.082018927444795 0.0694006309148265 0.0694006309148265 0.0914826498422713 0.0946372239747634
"sch05" 0.0725552050473186 0.0694006309148265 0.0946372239747634 0.0946372239747634 0.0883280757097792 0.0883280757097792 0.0851735015772871 0.082018927444795 0.0694006309148265 0.0694006309148265 0.0914826498422713 0.0946372239747634
"sch05" 0.0725552050473186 0.0694006309148265 0.0946372239747634 0.0946372239747634 0.0883280757097792 0.0883280757097792 0.0851735015772871 0.082018927444795 0.0694006309148265 0.0694006309148265 0.0914826498422713 0.0946372239747634
"sch05" 0.0725552050473186 0.0694006309148265 0.0946372239747634 0.0946372239747634 0.0883280757097792 0.0883280757097792 0.0851735015772871 0.082018927444795 0.0694006309148265 0.0694006309148265 0.0914826498422713 0.0946372239747634
"sch05" 0.0725552050473186 0.0694006309148265 0.0946372239747634 0.0946372239747634 0.0883280757097792 0.0883280757097792 0.0851735015772871 0.082018927444795 0.0694006309148265 0.0694006309148265 0.0914826498422713 0.0946372239747634
"sch05" 0.0725552050473186 0.0694006309148265 0.0946372239747634 0.0946372239747634 0.0883280757097792 0.0883280757097792 0.0851735015772871 0.082018927444795 0.0694006309148265 0.0694006309148265 0.0914826498422713 0.0946372239747634
"sch05" 0.0725552050473186 0.0694006309148265 0.0946372239747634 0.0946372239747634 0.0883280757097792 0.0883280757097792 0.0851735015772871 0.082018927444795 0.0694006309148265 0.0694006309148265 0.0914826498422713 0.0946372239747634
"sch05" 0.0725552050473186 0.0694006309148265 0.0946372239747634 0.0946372239747634 0.0883280757097792 0.0883280757097792 0.0851735015772871 0.082018927444795 0.0694006309148265 0.0694006309148265 0.0914826498422713 0.0946372239747634
"sch05" 0.0725552050473186 0.0694006309148265 0.0946372239747634 0.0946372239747634 0.0883280757097792 0.0883280757097792 0.0851735015772871 0.082018927444795 0.0694006309148265 0.0694006309148265 0.0914826498422713 0.0946372239747634
"sch05" 0.0725552050473186 0.0694006309148265 0.0946372239747634 0.0946372239747634 0.0883280757097792 0.0883280757097792 0.0851735015772871 0.082018927444795 0.0694006309148265 0.0694006309148265 0.0914826498422713 0.0946372239747634
"sch06" 0.092 0.092 0.08 0.08 0.076 0.076 0.076 0.076 0.096 0.096 0.08 0.08
"sch06" 0.092 0.092 0.08 0.08 0.076 0.076 0.076 0.076 0.096 0.096 0.08 0.08
"sch06" 0.092 0.092 0.08 0.08 0.076 0.076 0.076 0.076 0.096 0.096 0.08 0.08
"sch06" 0.092 0.092 0.08 0.08 0.076 0.076 0.076 0.076 0.096 0.096 0.08 0.08
"sch06" 0.092 0.092 0.08 0.08 0.076 0.076 0.076 0.076 0.096 0.096 0.08 0.08
"sch06" 0.092 0.092 0.08 0.08 0.076 0.076 0.076 0.076 0.096 0.096 0.08 0.08
"sch06" 0.092 0.092 0.08 0.08 0.076 0.076 0.076 0.076 0.096 0.096 0.08 0.08
"sch06" 0.092 0.092 0.08 0.08 0.076 0.076 0.076 0.076 0.096 0.096 0.08 0.08
"sch06" 0.092 0.092 0.08 0.08 0.076 0.076 0.076 0.076 0.096 0.096 0.08 0.08
"sch06" 0.092 0.092 0.08 0.08 0.076 0.076 0.076 0.076 0.096 0.096 0.08 0.08
"sch06" 0.092 0.092 0.08 0.08 0.076 0.076 0.076 0.076 0.096 0.096 0.08 0.08
"sch06" 0.092 0.092 0.08 0.08 0.076 0.076 0.076 0.076 0.096 0.096 0.08 0.08
"sch07" 0.092485549132948 0.0867052023121387 0.104046242774566 0.104046242774566 0.0635838150289017 0.069364161849711 0.0635838150289017 0.0578034682080925 0.0867052023121387 0.0867052023121387 0.092485549132948 0.092485549132948
"sch07" 0.092485549132948 0.0867052023121387 0.104046242774566 0.104046242774566 0.0635838150289017 0.069364161849711 0.0635838150289017 0.0578034682080925 0.0867052023121387 0.0867052023121387 0.092485549132948 0.092485549132948
"sch07" 0.092485549132948 0.0867052023121387 0.104046242774566 0.104046242774566 0.0635838150289017 0.069364161849711 0.0635838150289017 0.0578034682080925 0.0867052023121387 0.0867052023121387 0.092485549132948 0.092485549132948
"sch07" 0.092485549132948 0.0867052023121387 0.104046242774566 0.104046242774566 0.0635838150289017 0.069364161849711 0.0635838150289017 0.0578034682080925 0.0867052023121387 0.0867052023121387 0.092485549132948 0.092485549132948
"sch07" 0.092485549132948 0.0867052023121387 0.104046242774566 0.104046242774566 0.0635838150289017 0.069364161849711 0.0635838150289017 0.0578034682080925 0.0867052023121387 0.0867052023121387 0.092485549132948 0.092485549132948
"sch07" 0.092485549132948 0.0867052023121387 0.104046242774566 0.104046242774566 0.0635838150289017 0.069364161849711 0.0635838150289017 0.0578034682080925 0.0867052023121387 0.0867052023121387 0.092485549132948 0.092485549132948
"sch07" 0.092485549132948 0.0867052023121387 0.104046242774566 0.104046242774566 0.0635838150289017 0.069364161849711 0.0635838150289017 0.0578034682080925 0.0867052023121387 0.0867052023121387 0.092485549132948 0.092485549132948
"sch07" 0.092485549132948 0.0867052023121387 0.104046242774566 0.104046242774566 0.0635838150289017 0.069364161849711 0.0635838150289017 0.0578034682080925 0.0867052023121387 0.0867052023121387 0.092485549132948 0.092485549132948
"sch07" 0.092485549132948 0.0867052023121387 0.104046242774566 0.104046242774566 0.0635838150289017 0.069364161849711 0.0635838150289017 0.0578034682080925 0.0867052023121387 0.0867052023121387 0.092485549132948 0.092485549132948
"sch07" 0.092485549132948 0.0867052023121387 0.104046242774566 0.104046242774566 0.0635838150289017 0.069364161849711 0.0635838150289017 0.0578034682080925 0.0867052023121387 0.0867052023121387 0.092485549132948 0.092485549132948
"sch07" 0.092485549132948 0.0867052023121387 0.104046242774566 0.104046242774566 0.0635838150289017 0.069364161849711 0.0635838150289017 0.0578034682080925 0.0867052023121387 0.0867052023121387 0.092485549132948 0.092485549132948
"sch07" 0.092485549132948 0.0867052023121387 0.104046242774566 0.104046242774566 0.0635838150289017 0.069364161849711 0.0635838150289017 0.0578034682080925 0.0867052023121387 0.0867052023121387 0.092485549132948 0.092485549132948
"sch08" 0.0806451612903226 0.0725806451612903 0.0887096774193548 0.0913978494623656 0.0779569892473118 0.0725806451612903 0.0940860215053763 0.0913978494623656 0.0833333333333333 0.0833333333333333 0.0806451612903226 0.0833333333333333
"sch08" 0.0806451612903226 0.0725806451612903 0.0887096774193548 0.0913978494623656 0.0779569892473118 0.0725806451612903 0.0940860215053763 0.0913978494623656 0.0833333333333333 0.0833333333333333 0.0806451612903226 0.0833333333333333
"sch08" 0.0806451612903226 0.0725806451612903 0.0887096774193548 0.0913978494623656 0.0779569892473118 0.0725806451612903 0.0940860215053763 0.0913978494623656 0.0833333333333333 0.0833333333333333 0.0806451612903226 0.0833333333333333
"sch08" 0.0806451612903226 0.0725806451612903 0.0887096774193548 0.0913978494623656 0.0779569892473118 0.0725806451612903 0.0940860215053763 0.0913978494623656 0.0833333333333333 0.0833333333333333 0.0806451612903226 0.0833333333333333
"sch08" 0.0806451612903226 0.0725806451612903 0.0887096774193548 0.0913978494623656 0.0779569892473118 0.0725806451612903 0.0940860215053763 0.0913978494623656 0.0833333333333333 0.0833333333333333 0.0806451612903226 0.0833333333333333
"sch08" 0.0806451612903226 0.0725806451612903 0.0887096774193548 0.0913978494623656 0.0779569892473118 0.0725806451612903 0.0940860215053763 0.0913978494623656 0.0833333333333333 0.0833333333333333 0.0806451612903226 0.0833333333333333
"sch08" 0.0806451612903226 0.0725806451612903 0.0887096774193548 0.0913978494623656 0.0779569892473118 0.0725806451612903 0.0940860215053763 0.0913978494623656 0.0833333333333333 0.0833333333333333 0.0806451612903226 0.0833333333333333
"sch08" 0.0806451612903226 0.0725806451612903 0.0887096774193548 0.0913978494623656 0.0779569892473118 0.0725806451612903 0.0940860215053763 0.0913978494623656 0.0833333333333333 0.0833333333333333 0.0806451612903226 0.0833333333333333
"sch08" 0.0806451612903226 0.0725806451612903 0.0887096774193548 0.0913978494623656 0.0779569892473118 0.0725806451612903 0.0940860215053763 0.0913978494623656 0.0833333333333333 0.0833333333333333 0.0806451612903226 0.0833333333333333
"sch08" 0.0806451612903226 0.0725806451612903 0.0887096774193548 0.0913978494623656 0.0779569892473118 0.0725806451612903 0.0940860215053763 0.0913978494623656 0.0833333333333333 0.0833333333333333 0.0806451612903226 0.0833333333333333
"sch08" 0.0806451612903226 0.0725806451612903 0.0887096774193548 0.0913978494623656 0.0779569892473118 0.0725806451612903 0.0940860215053763 0.0913978494623656 0.0833333333333333 0.0833333333333333 0.0806451612903226 0.0833333333333333
"sch08" 0.0806451612903226 0.0725806451612903 0.0887096774193548 0.0913978494623656 0.0779569892473118 0.0725806451612903 0.0940860215053763 0.0913978494623656 0.0833333333333333 0.0833333333333333 0.0806451612903226 0.0833333333333333
"sch09" 0.0723404255319149 0.0723404255319149 0.0893617021276596 0.0893617021276596 0.0808510638297872 0.0808510638297872 0.0851063829787234 0.0936170212765957 0.0765957446808511 0.0808510638297872 0.0893617021276596 0.0893617021276596
"sch09" 0.0723404255319149 0.0723404255319149 0.0893617021276596 0.0893617021276596 0.0808510638297872 0.0808510638297872 0.0851063829787234 0.0936170212765957 0.0765957446808511 0.0808510638297872 0.0893617021276596 0.0893617021276596
"sch09" 0.0723404255319149 0.0723404255319149 0.0893617021276596 0.0893617021276596 0.0808510638297872 0.0808510638297872 0.0851063829787234 0.0936170212765957 0.0765957446808511 0.0808510638297872 0.0893617021276596 0.0893617021276596
"sch09" 0.0723404255319149 0.0723404255319149 0.0893617021276596 0.0893617021276596 0.0808510638297872 0.0808510638297872 0.0851063829787234 0.0936170212765957 0.0765957446808511 0.0808510638297872 0.0893617021276596 0.0893617021276596
"sch09" 0.0723404255319149 0.0723404255319149 0.0893617021276596 0.0893617021276596 0.0808510638297872 0.0808510638297872 0.0851063829787234 0.0936170212765957 0.0765957446808511 0.0808510638297872 0.0893617021276596 0.0893617021276596
"sch09" 0.0723404255319149 0.0723404255319149 0.0893617021276596 0.0893617021276596 0.0808510638297872 0.0808510638297872 0.0851063829787234 0.0936170212765957 0.0765957446808511 0.0808510638297872 0.0893617021276596 0.0893617021276596
"sch09" 0.0723404255319149 0.0723404255319149 0.0893617021276596 0.0893617021276596 0.0808510638297872 0.0808510638297872 0.0851063829787234 0.0936170212765957 0.0765957446808511 0.0808510638297872 0.0893617021276596 0.0893617021276596
"sch09" 0.0723404255319149 0.0723404255319149 0.0893617021276596 0.0893617021276596 0.0808510638297872 0.0808510638297872 0.0851063829787234 0.0936170212765957 0.0765957446808511 0.0808510638297872 0.0893617021276596 0.0893617021276596
"sch09" 0.0723404255319149 0.0723404255319149 0.0893617021276596 0.0893617021276596 0.0808510638297872 0.0808510638297872 0.0851063829787234 0.0936170212765957 0.0765957446808511 0.0808510638297872 0.0893617021276596 0.0893617021276596
"sch09" 0.0723404255319149 0.0723404255319149 0.0893617021276596 0.0893617021276596 0.0808510638297872 0.0808510638297872 0.0851063829787234 0.0936170212765957 0.0765957446808511 0.0808510638297872 0.0893617021276596 0.0893617021276596
"sch09" 0.0723404255319149 0.0723404255319149 0.0893617021276596 0.0893617021276596 0.0808510638297872 0.0808510638297872 0.0851063829787234 0.0936170212765957 0.0765957446808511 0.0808510638297872 0.0893617021276596 0.0893617021276596
"sch09" 0.0723404255319149 0.0723404255319149 0.0893617021276596 0.0893617021276596 0.0808510638297872 0.0808510638297872 0.0851063829787234 0.0936170212765957 0.0765957446808511 0.0808510638297872 0.0893617021276596 0.0893617021276596
"sch10" 0.0721153846153846 0.0721153846153846 0.105769230769231 0.105769230769231 0.0576923076923077 0.0576923076923077 0.0913461538461538 0.0913461538461538 0.0721153846153846 0.0721153846153846 0.100961538461538 0.100961538461538
"sch10" 0.0721153846153846 0.0721153846153846 0.105769230769231 0.105769230769231 0.0576923076923077 0.0576923076923077 0.0913461538461538 0.0913461538461538 0.0721153846153846 0.0721153846153846 0.100961538461538 0.100961538461538
"sch10" 0.0721153846153846 0.0721153846153846 0.105769230769231 0.105769230769231 0.0576923076923077 0.0576923076923077 0.0913461538461538 0.0913461538461538 0.0721153846153846 0.0721153846153846 0.100961538461538 0.100961538461538
"sch10" 0.0721153846153846 0.0721153846153846 0.105769230769231 0.105769230769231 0.0576923076923077 0.0576923076923077 0.0913461538461538 0.0913461538461538 0.0721153846153846 0.0721153846153846 0.100961538461538 0.100961538461538
"sch10" 0.0721153846153846 0.0721153846153846 0.105769230769231 0.105769230769231 0.0576923076923077 0.0576923076923077 0.0913461538461538 0.0913461538461538 0.0721153846153846 0.0721153846153846 0.100961538461538 0.100961538461538
"sch10" 0.0721153846153846 0.0721153846153846 0.105769230769231 0.105769230769231 0.0576923076923077 0.0576923076923077 0.0913461538461538 0.0913461538461538 0.0721153846153846 0.0721153846153846 0.100961538461538 0.100961538461538
"sch10" 0.0721153846153846 0.0721153846153846 0.105769230769231 0.105769230769231 0.0576923076923077 0.0576923076923077 0.0913461538461538 0.0913461538461538 0.0721153846153846 0.0721153846153846 0.100961538461538 0.100961538461538
"sch10" 0.0721153846153846 0.0721153846153846 0.105769230769231 0.105769230769231 0.0576923076923077 0.0576923076923077 0.0913461538461538 0.0913461538461538 0.0721153846153846 0.0721153846153846 0.100961538461538 0.100961538461538
"sch10" 0.0721153846153846 0.0721153846153846 0.105769230769231 0.105769230769231 0.0576923076923077 0.0576923076923077 0.0913461538461538 0.0913461538461538 0.0721153846153846 0.0721153846153846 0.100961538461538 0.100961538461538
"sch10" 0.0721153846153846 0.0721153846153846 0.105769230769231 0.105769230769231 0.0576923076923077 0.0576923076923077 0.0913461538461538 0.0913461538461538 0.0721153846153846 0.0721153846153846 0.100961538461538 0.100961538461538
"sch10" 0.0721153846153846 0.0721153846153846 0.105769230769231 0.105769230769231 0.0576923076923077 0.0576923076923077 0.0913461538461538 0.0913461538461538 0.0721153846153846 0.0721153846153846 0.100961538461538 0.100961538461538
"sch10" 0.0721153846153846 0.0721153846153846 0.105769230769231 0.105769230769231 0.0576923076923077 0.0576923076923077 0.0913461538461538 0.0913461538461538 0.0721153846153846 0.0721153846153846 0.100961538461538 0.100961538461538
"sch11" 0.0897435897435897 0.0897435897435897 0.0769230769230769 0.0769230769230769 0.0811965811965812 0.0811965811965812 0.0769230769230769 0.0769230769230769 0.094017094017094 0.094017094017094 0.0811965811965812 0.0811965811965812
"sch11" 0.0897435897435897 0.0897435897435897 0.0769230769230769 0.0769230769230769 0.0811965811965812 0.0811965811965812 0.0769230769230769 0.0769230769230769 0.094017094017094 0.094017094017094 0.0811965811965812 0.0811965811965812
"sch11" 0.0897435897435897 0.0897435897435897 0.0769230769230769 0.0769230769230769 0.0811965811965812 0.0811965811965812 0.0769230769230769 0.0769230769230769 0.094017094017094 0.094017094017094 0.0811965811965812 0.0811965811965812
"sch11" 0.0897435897435897 0.0897435897435897 0.0769230769230769 0.0769230769230769 0.0811965811965812 0.0811965811965812 0.0769230769230769 0.0769230769230769 0.094017094017094 0.094017094017094 0.0811965811965812 0.0811965811965812
"sch11" 0.0897435897435897 0.0897435897435897 0.0769230769230769 0.0769230769230769 0.0811965811965812 0.0811965811965812 0.0769230769230769 0.0769230769230769 0.094017094017094 0.094017094017094 0.0811965811965812 0.0811965811965812
"sch11" 0.0897435897435897 0.0897435897435897 0.0769230769230769 0.0769230769230769 0.0811965811965812 0.0811965811965812 0.0769230769230769 0.0769230769230769 0.094017094017094 0.094017094017094 0.0811965811965812 0.0811965811965812
"sch11" 0.0897435897435897 0.0897435897435897 0.0769230769230769 0.0769230769230769 0.0811965811965812 0.0811965811965812 0.0769230769230769 0.0769230769230769 0.094017094017094 0.094017094017094 0.0811965811965812 0.0811965811965812
"sch11" 0.0897435897435897 0.0897435897435897 0.0769230769230769 0.0769230769230769 0.0811965811965812 0.0811965811965812 0.0769230769230769 0.0769230769230769 0.094017094017094 0.094017094017094 0.0811965811965812 0.0811965811965812
"sch11" 0.0897435897435897 0.0897435897435897 0.0769230769230769 0.0769230769230769 0.0811965811965812 0.0811965811965812 0.0769230769230769 0.0769230769230769 0.094017094017094 0.094017094017094 0.0811965811965812 0.0811965811965812
"sch11" 0.0897435897435897 0.0897435897435897 0.0769230769230769 0.0769230769230769 0.0811965811965812 0.0811965811965812 0.0769230769230769 0.0769230769230769 0.094017094017094 0.094017094017094 0.0811965811965812 0.0811965811965812
"sch11" 0.0897435897435897 0.0897435897435897 0.0769230769230769 0.0769230769230769 0.0811965811965812 0.0811965811965812 0.0769230769230769 0.0769230769230769 0.094017094017094 0.094017094017094 0.0811965811965812 0.0811965811965812
"sch11" 0.0897435897435897 0.0897435897435897 0.0769230769230769 0.0769230769230769 0.0811965811965812 0.0811965811965812 0.0769230769230769 0.0769230769230769 0.094017094017094 0.094017094017094 0.0811965811965812 0.0811965811965812
"sch12" 0.0872093023255814 0.0872093023255814 0.0872093023255814 0.0901162790697674 0.0726744186046512 0.0726744186046512 0.0813953488372093 0.0843023255813953 0.0901162790697674 0.0901162790697674 0.0784883720930233 0.0784883720930233
"sch12" 0.0872093023255814 0.0872093023255814 0.0872093023255814 0.0901162790697674 0.0726744186046512 0.0726744186046512 0.0813953488372093 0.0843023255813953 0.0901162790697674 0.0901162790697674 0.0784883720930233 0.0784883720930233
"sch12" 0.0872093023255814 0.0872093023255814 0.0872093023255814 0.0901162790697674 0.0726744186046512 0.0726744186046512 0.0813953488372093 0.0843023255813953 0.0901162790697674 0.0901162790697674 0.0784883720930233 0.0784883720930233
"sch12" 0.0872093023255814 0.0872093023255814 0.0872093023255814 0.0901162790697674 0.0726744186046512 0.0726744186046512 0.0813953488372093 0.0843023255813953 0.0901162790697674 0.0901162790697674 0.0784883720930233 0.0784883720930233
"sch12" 0.0872093023255814 0.0872093023255814 0.0872093023255814 0.0901162790697674 0.0726744186046512 0.0726744186046512 0.0813953488372093 0.0843023255813953 0.0901162790697674 0.0901162790697674 0.0784883720930233 0.0784883720930233
"sch12" 0.0872093023255814 0.0872093023255814 0.0872093023255814 0.0901162790697674 0.0726744186046512 0.0726744186046512 0.0813953488372093 0.0843023255813953 0.0901162790697674 0.0901162790697674 0.0784883720930233 0.0784883720930233
"sch12" 0.0872093023255814 0.0872093023255814 0.0872093023255814 0.0901162790697674 0.0726744186046512 0.0726744186046512 0.0813953488372093 0.0843023255813953 0.0901162790697674 0.0901162790697674 0.0784883720930233 0.0784883720930233
"sch12" 0.0872093023255814 0.0872093023255814 0.0872093023255814 0.0901162790697674 0.0726744186046512 0.0726744186046512 0.0813953488372093 0.0843023255813953 0.0901162790697674 0.0901162790697674 0.0784883720930233 0.0784883720930233
"sch12" 0.0872093023255814 0.0872093023255814 0.0872093023255814 0.0901162790697674 0.0726744186046512 0.0726744186046512 0.0813953488372093 0.0843023255813953 0.0901162790697674 0.0901162790697674 0.0784883720930233 0.0784883720930233
"sch12" 0.0872093023255814 0.0872093023255814 0.0872093023255814 0.0901162790697674 0.0726744186046512 0.0726744186046512 0.0813953488372093 0.0843023255813953 0.0901162790697674 0.0901162790697674 0.0784883720930233 0.0784883720930233
"sch12" 0.0872093023255814 0.0872093023255814 0.0872093023255814 0.0901162790697674 0.0726744186046512 0.0726744186046512 0.0813953488372093 0.0843023255813953 0.0901162790697674 0.0901162790697674 0.0784883720930233 0.0784883720930233
"sch12" 0.0872093023255814 0.0872093023255814 0.0872093023255814 0.0901162790697674 0.0726744186046512 0.0726744186046512 0.0813953488372093 0.0843023255813953 0.0901162790697674 0.0901162790697674 0.0784883720930233 0.0784883720930233
"sch13" 0.079646017699115 0.079646017699115 0.084070796460177 0.079646017699115 0.101769911504425 0.101769911504425 0.079646017699115 0.0752212389380531 0.084070796460177 0.084070796460177 0.0752212389380531 0.0752212389380531
"sch13" 0.079646017699115 0.079646017699115 0.084070796460177 0.079646017699115 0.101769911504425 0.101769911504425 0.079646017699115 0.0752212389380531 0.084070796460177 0.084070796460177 0.0752212389380531 0.0752212389380531
"sch13" 0.079646017699115 0.079646017699115 0.084070796460177 0.079646017699115 0.101769911504425 0.101769911504425 0.079646017699115 0.0752212389380531 0.084070796460177 0.084070796460177 0.0752212389380531 0.0752212389380531
"sch13" 0.079646017699115 0.079646017699115 0.084070796460177 0.079646017699115 0.101769911504425 0.101769911504425 0.079646017699115 0.0752212389380531 0.084070796460177 0.084070796460177 0.0752212389380531 0.0752212389380531
"sch13" 0.079646017699115 0.079646017699115 0.084070796460177 0.079646017699115 0.101769911504425 0.101769911504425 0.079646017699115 0.0752212389380531 0.084070796460177 0.084070796460177 0.0752212389380531 0.0752212389380531
"sch13" 0.079646017699115 0.079646017699115 0.084070796460177 0.079646017699115 0.101769911504425 0.101769911504425 0.079646017699115 0.0752212389380531 0.084070796460177 0.084070796460177 0.0752212389380531 0.0752212389380531
"sch13" 0.079646017699115 0.079646017699115 0.084070796460177 0.079646017699115 0.101769911504425 0.101769911504425 0.079646017699115 0.0752212389380531 0.084070796460177 0.084070796460177 0.0752212389380531 0.0752212389380531
"sch13" 0.079646017699115 0.079646017699115 0.084070796460177 0.079646017699115 0.101769911504425 0.101769911504425 0.079646017699115 0.0752212389380531 0.084070796460177 0.084070796460177 0.0752212389380531 0.0752212389380531
"sch13" 0.079646017699115 0.079646017699115 0.084070796460177 0.079646017699115 0.101769911504425 0.101769911504425 0.079646017699115 0.0752212389380531 0.084070796460177 0.084070796460177 0.0752212389380531 0.0752212389380531
"sch13" 0.079646017699115 0.079646017699115 0.084070796460177 0.079646017699115 0.101769911504425 0.101769911504425 0.079646017699115 0.0752212389380531 0.084070796460177 0.084070796460177 0.0752212389380531 0.0752212389380531
"sch13" 0.079646017699115 0.079646017699115 0.084070796460177 0.079646017699115 0.101769911504425 0.101769911504425 0.079646017699115 0.0752212389380531 0.084070796460177 0.084070796460177 0.0752212389380531 0.0752212389380531
"sch13" 0.079646017699115 0.079646017699115 0.084070796460177 0.079646017699115 0.101769911504425 0.101769911504425 0.079646017699115 0.0752212389380531 0.084070796460177 0.084070796460177 0.0752212389380531 0.0752212389380531
"sch14" 0.0787037037037037 0.0787037037037037 0.101851851851852 0.101851851851852 0.0416666666666667 0.0462962962962963 0.0787037037037037 0.0787037037037037 0.0925925925925926 0.0972222222222222 0.101851851851852 0.101851851851852
"sch14" 0.0787037037037037 0.0787037037037037 0.101851851851852 0.101851851851852 0.0416666666666667 0.0462962962962963 0.0787037037037037 0.0787037037037037 0.0925925925925926 0.0972222222222222 0.101851851851852 0.101851851851852
"sch14" 0.0787037037037037 0.0787037037037037 0.101851851851852 0.101851851851852 0.0416666666666667 0.0462962962962963 0.0787037037037037 0.0787037037037037 0.0925925925925926 0.0972222222222222 0.101851851851852 0.101851851851852
"sch14" 0.0787037037037037 0.0787037037037037 0.101851851851852 0.101851851851852 0.0416666666666667 0.0462962962962963 0.0787037037037037 0.0787037037037037 0.0925925925925926 0.0972222222222222 0.101851851851852 0.101851851851852
"sch14" 0.0787037037037037 0.0787037037037037 0.101851851851852 0.101851851851852 0.0416666666666667 0.0462962962962963 0.0787037037037037 0.0787037037037037 0.0925925925925926 0.0972222222222222 0.101851851851852 0.101851851851852
"sch14" 0.0787037037037037 0.0787037037037037 0.101851851851852 0.101851851851852 0.0416666666666667 0.0462962962962963 0.0787037037037037 0.0787037037037037 0.0925925925925926 0.0972222222222222 0.101851851851852 0.101851851851852
"sch14" 0.0787037037037037 0.0787037037037037 0.101851851851852 0.101851851851852 0.0416666666666667 0.0462962962962963 0.0787037037037037 0.0787037037037037 0.0925925925925926 0.0972222222222222 0.101851851851852 0.101851851851852
"sch14" 0.0787037037037037 0.0787037037037037 0.101851851851852 0.101851851851852 0.0416666666666667 0.0462962962962963 0.0787037037037037 0.0787037037037037 0.0925925925925926 0.0972222222222222 0.101851851851852 0.101851851851852
"sch14" 0.0787037037037037 0.0787037037037037 0.101851851851852 0.101851851851852 0.0416666666666667 0.0462962962962963 0.0787037037037037 0.0787037037037037 0.0925925925925926 0.0972222222222222 0.101851851851852 0.101851851851852
"sch14" 0.0787037037037037 0.0787037037037037 0.101851851851852 0.101851851851852 0.0416666666666667 0.0462962962962963 0.0787037037037037 0.0787037037037037 0.0925925925925926 0.0972222222222222 0.101851851851852 0.101851851851852
"sch14" 0.0787037037037037 0.0787037037037037 0.101851851851852 0.101851851851852 0.0416666666666667 0.0462962962962963 0.0787037037037037 0.0787037037037037 0.0925925925925926 0.0972222222222222 0.101851851851852 0.101851851851852
"sch14" 0.0787037037037037 0.0787037037037037 0.101851851851852 0.101851851851852 0.0416666666666667 0.0462962962962963 0.0787037037037037 0.0787037037037037 0.0925925925925926 0.0972222222222222 0.101851851851852 0.101851851851852
"sch15" 0.0977653631284916 0.0977653631284916 0.0754189944134078 0.0754189944134078 0.0921787709497207 0.0921787709497207 0.0558659217877095 0.0558659217877095 0.103351955307263 0.103351955307263 0.0754189944134078 0.0754189944134078
"sch15" 0.0977653631284916 0.0977653631284916 0.0754189944134078 0.0754189944134078 0.0921787709497207 0.0921787709497207 0.0558659217877095 0.0558659217877095 0.103351955307263 0.103351955307263 0.0754189944134078 0.0754189944134078
"sch15" 0.0977653631284916 0.0977653631284916 0.0754189944134078 0.0754189944134078 0.0921787709497207 0.0921787709497207 0.0558659217877095 0.0558659217877095 0.103351955307263 0.103351955307263 0.0754189944134078 0.0754189944134078
"sch15" 0.0977653631284916 0.0977653631284916 0.0754189944134078 0.0754189944134078 0.0921787709497207 0.0921787709497207 0.0558659217877095 0.0558659217877095 0.103351955307263 0.103351955307263 0.0754189944134078 0.0754189944134078
"sch15" 0.0977653631284916 0.0977653631284916 0.0754189944134078 0.0754189944134078 0.0921787709497207 0.0921787709497207 0.0558659217877095 0.0558659217877095 0.103351955307263 0.103351955307263 0.0754189944134078 0.0754189944134078
"sch15" 0.0977653631284916 0.0977653631284916 0.0754189944134078 0.0754189944134078 0.0921787709497207 0.0921787709497207 0.0558659217877095 0.0558659217877095 0.103351955307263 0.103351955307263 0.0754189944134078 0.0754189944134078
"sch15" 0.0977653631284916 0.0977653631284916 0.0754189944134078 0.0754189944134078 0.0921787709497207 0.0921787709497207 0.0558659217877095 0.0558659217877095 0.103351955307263 0.103351955307263 0.0754189944134078 0.0754189944134078
"sch15" 0.0977653631284916 0.0977653631284916 0.0754189944134078 0.0754189944134078 0.0921787709497207 0.0921787709497207 0.0558659217877095 0.0558659217877095 0.103351955307263 0.103351955307263 0.0754189944134078 0.0754189944134078
"sch15" 0.0977653631284916 0.0977653631284916 0.0754189944134078 0.0754189944134078 0.0921787709497207 0.0921787709497207 0.0558659217877095 0.0558659217877095 0.103351955307263 0.103351955307263 0.0754189944134078 0.0754189944134078
"sch15" 0.0977653631284916 0.0977653631284916 0.0754189944134078 0.0754189944134078 0.0921787709497207 0.0921787709497207 0.0558659217877095 0.0558659217877095 0.103351955307263 0.103351955307263 0.0754189944134078 0.0754189944134078
"sch15" 0.0977653631284916 0.0977653631284916 0.0754189944134078 0.0754189944134078 0.0921787709497207 0.0921787709497207 0.0558659217877095 0.0558659217877095 0.103351955307263 0.103351955307263 0.0754189944134078 0.0754189944134078
"sch15" 0.0977653631284916 0.0977653631284916 0.0754189944134078 0.0754189944134078 0.0921787709497207 0.0921787709497207 0.0558659217877095 0.0558659217877095 0.103351955307263 0.103351955307263 0.0754189944134078 0.0754189944134078
"sch16" 0.0892018779342723 0.0868544600938967 0.0821596244131455 0.0821596244131455 0.0774647887323944 0.0774647887323944 0.0821596244131455 0.0845070422535211 0.0915492957746479 0.0915492957746479 0.0774647887323944 0.0774647887323944
"sch16" 0.0892018779342723 0.0868544600938967 0.0821596244131455 0.0821596244131455 0.0774647887323944 0.0774647887323944 0.0821596244131455 0.0845070422535211 0.0915492957746479 0.0915492957746479 0.0774647887323944 0.0774647887323944
"sch16" 0.0892018779342723 0.0868544600938967 0.0821596244131455 0.0821596244131455 0.0774647887323944 0.0774647887323944 0.0821596244131455 0.0845070422535211 0.0915492957746479 0.0915492957746479 0.0774647887323944 0.0774647887323944
"sch16" 0.0892018779342723 0.0868544600938967 0.0821596244131455 0.0821596244131455 0.0774647887323944 0.0774647887323944 0.0821596244131455 0.0845070422535211 0.0915492957746479 0.0915492957746479 0.0774647887323944 0.0774647887323944
"sch16" 0.0892018779342723 0.0868544600938967 0.0821596244131455 0.0821596244131455 0.0774647887323944 0.0774647887323944 0.0821596244131455 0.0845070422535211 0.0915492957746479 0.0915492957746479 0.0774647887323944 0.0774647887323944
"sch16" 0.0892018779342723 0.0868544600938967 0.0821596244131455 0.0821596244131455 0.0774647887323944 0.0774647887323944 0.0821596244131455 0.0845070422535211 0.0915492957746479 0.0915492957746479 0.0774647887323944 0.0774647887323944
"sch16" 0.0892018779342723 0.0868544600938967 0.0821596244131455 0.0821596244131455 0.0774647887323944 0.0774647887323944 0.0821596244131455 0.0845070422535211 0.0915492957746479 0.0915492957746479 0.0774647887323944 0.0774647887323944
"sch16" 0.0892018779342723 0.0868544600938967 0.0821596244131455 0.0821596244131455 0.0774647887323944 0.0774647887323944 0.0821596244131455 0.0845070422535211 0.0915492957746479 0.0915492957746479 0.0774647887323944 0.0774647887323944
"sch16" 0.0892018779342723 0.0868544600938967 0.0821596244131455 0.0821596244131455 0.0774647887323944 0.0774647887323944 0.0821596244131455 0.0845070422535211 0.0915492957746479 0.0915492957746479 0.0774647887323944 0.0774647887323944
"sch16" 0.0892018779342723 0.0868544600938967 0.0821596244131455 0.0821596244131455 0.0774647887323944 0.0774647887323944 0.0821596244131455 0.0845070422535211 0.0915492957746479 0.0915492957746479 0.0774647887323944 0.0774647887323944
"sch16" 0.0892018779342723 0.0868544600938967 0.0821596244131455 0.0821596244131455 0.0774647887323944 0.0774647887323944 0.0821596244131455 0.0845070422535211 0.0915492957746479 0.0915492957746479 0.0774647887323944 0.0774647887323944
"sch16" 0.0892018779342723 0.0868544600938967 0.0821596244131455 0.0821596244131455 0.0774647887323944 0.0774647887323944 0.0821596244131455 0.0845070422535211 0.0915492957746479 0.0915492957746479 0.0774647887323944 0.0774647887323944
"sch17" 0.0963302752293578 0.0963302752293578 0.0825688073394495 0.0825688073394495 0.073394495412844 0.073394495412844 0.0688073394495413 0.073394495412844 0.0917431192660551 0.0917431192660551 0.0825688073394495 0.0871559633027523
"sch17" 0.0963302752293578 0.0963302752293578 0.0825688073394495 0.0825688073394495 0.073394495412844 0.073394495412844 0.0688073394495413 0.073394495412844 0.0917431192660551 0.0917431192660551 0.0825688073394495 0.0871559633027523
"sch17" 0.0963302752293578 0.0963302752293578 0.0825688073394495 0.0825688073394495 0.073394495412844 0.073394495412844 0.0688073394495413 0.073394495412844 0.0917431192660551 0.0917431192660551 0.0825688073394495 0.0871559633027523
"sch17" 0.0963302752293578 0.0963302752293578 0.0825688073394495 0.0825688073394495 0.073394495412844 0.073394495412844 0.0688073394495413 0.073394495412844 0.0917431192660551 0.0917431192660551 0.0825688073394495 0.0871559633027523
"sch17" 0.0963302752293578 0.0963302752293578 0.0825688073394495 0.0825688073394495 0.073394495412844 0.073394495412844 0.0688073394495413 0.073394495412844 0.0917431192660551 0.0917431192660551 0.0825688073394495 0.0871559633027523
"sch17" 0.0963302752293578 0.0963302752293578 0.0825688073394495 0.0825688073394495 0.073394495412844 0.073394495412844 0.0688073394495413 0.073394495412844 0.0917431192660551 0.0917431192660551 0.0825688073394495 0.0871559633027523
"sch17" 0.0963302752293578 0.0963302752293578 0.0825688073394495 0.0825688073394495 0.073394495412844 0.073394495412844 0.0688073394495413 0.073394495412844 0.0917431192660551 0.0917431192660551 0.0825688073394495 0.0871559633027523
"sch17" 0.0963302752293578 0.0963302752293578 0.0825688073394495 0.0825688073394495 0.073394495412844 0.073394495412844 0.0688073394495413 0.073394495412844 0.0917431192660551 0.0917431192660551 0.0825688073394495 0.0871559633027523
"sch17" 0.0963302752293578 0.0963302752293578 0.0825688073394495 0.0825688073394495 0.073394495412844 0.073394495412844 0.0688073394495413 0.073394495412844 0.0917431192660551 0.0917431192660551 0.0825688073394495 0.0871559633027523
"sch17" 0.0963302752293578 0.0963302752293578 0.0825688073394495 0.0825688073394495 0.073394495412844 0.073394495412844 0.0688073394495413 0.073394495412844 0.0917431192660551 0.0917431192660551 0.0825688073394495 0.0871559633027523
"sch17" 0.0963302752293578 0.0963302752293578 0.0825688073394495 0.0825688073394495 0.073394495412844 0.073394495412844 0.0688073394495413 0.073394495412844 0.0917431192660551 0.0917431192660551 0.0825688073394495 0.0871559633027523
"sch17" 0.0963302752293578 0.0963302752293578 0.0825688073394495 0.0825688073394495 0.073394495412844 0.073394495412844 0.0688073394495413 0.073394495412844 0.0917431192660551 0.0917431192660551 0.0825688073394495 0.0871559633027523
"sch18" 0.084070796460177 0.079646017699115 0.0707964601769911 0.0752212389380531 0.0973451327433628 0.0929203539823009 0.084070796460177 0.0752212389380531 0.0973451327433628 0.0929203539823009 0.0752212389380531 0.0752212389380531
"sch18" 0.084070796460177 0.079646017699115 0.0707964601769911 0.0752212389380531 0.0973451327433628 0.0929203539823009 0.084070796460177 0.0752212389380531 0.0973451327433628 0.0929203539823009 0.0752212389380531 0.0752212389380531
"sch18" 0.084070796460177 0.079646017699115 0.0707964601769911 0.0752212389380531 0.0973451327433628 0.0929203539823009 0.084070796460177 0.0752212389380531 0.0973451327433628 0.0929203539823009 0.0752212389380531 0.0752212389380531
"sch18" 0.084070796460177 0.079646017699115 0.0707964601769911 0.0752212389380531 0.0973451327433628 0.0929203539823009 0.084070796460177 0.0752212389380531 0.0973451327433628 0.0929203539823009 0.0752212389380531 0.0752212389380531
"sch18" 0.084070796460177 0.079646017699115 0.0707964601769911 0.0752212389380531 0.0973451327433628 0.0929203539823009 0.084070796460177 0.0752212389380531 0.0973451327433628 0.0929203539823009 0.0752212389380531 0.0752212389380531
"sch18" 0.084070796460177 0.079646017699115 0.0707964601769911 0.0752212389380531 0.0973451327433628 0.0929203539823009 0.084070796460177 0.0752212389380531 0.0973451327433628 0.0929203539823009 0.0752212389380531 0.0752212389380531
"sch18" 0.084070796460177 0.079646017699115 0.0707964601769911 0.0752212389380531 0.0973451327433628 0.0929203539823009 0.084070796460177 0.0752212389380531 0.0973451327433628 0.0929203539823009 0.0752212389380531 0.0752212389380531
"sch18" 0.084070796460177 0.079646017699115 0.0707964601769911 0.0752212389380531 0.0973451327433628 0.0929203539823009 0.084070796460177 0.0752212389380531 0.0973451327433628 0.0929203539823009 0.0752212389380531 0.0752212389380531
"sch18" 0.084070796460177 0.079646017699115 0.0707964601769911 0.0752212389380531 0.0973451327433628 0.0929203539823009 0.084070796460177 0.0752212389380531 0.0973451327433628 0.0929203539823009 0.0752212389380531 0.0752212389380531
"sch18" 0.084070796460177 0.079646017699115 0.0707964601769911 0.0752212389380531 0.0973451327433628 0.0929203539823009 0.084070796460177 0.0752212389380531 0.0973451327433628 0.0929203539823009 0.0752212389380531 0.0752212389380531
"sch18" 0.084070796460177 0.079646017699115 0.0707964601769911 0.0752212389380531 0.0973451327433628 0.0929203539823009 0.084070796460177 0.0752212389380531 0.0973451327433628 0.0929203539823009 0.0752212389380531 0.0752212389380531
"sch18" 0.084070796460177 0.079646017699115 0.0707964601769911 0.0752212389380531 0.0973451327433628 0.0929203539823009 0.084070796460177 0.0752212389380531 0.0973451327433628 0.0929203539823009 0.0752212389380531 0.0752212389380531
"sch19" 0.0986842105263158 0.0986842105263158 0.0789473684210526 0.0822368421052632 0.0822368421052632 0.0822368421052632 0.0625 0.0625 0.0986842105263158 0.0986842105263158 0.0789473684210526 0.0756578947368421
"sch19" 0.0986842105263158 0.0986842105263158 0.0789473684210526 0.0822368421052632 0.0822368421052632 0.0822368421052632 0.0625 0.0625 0.0986842105263158 0.0986842105263158 0.0789473684210526 0.0756578947368421
"sch19" 0.0986842105263158 0.0986842105263158 0.0789473684210526 0.0822368421052632 0.0822368421052632 0.0822368421052632 0.0625 0.0625 0.0986842105263158 0.0986842105263158 0.0789473684210526 0.0756578947368421
"sch19" 0.0986842105263158 0.0986842105263158 0.0789473684210526 0.0822368421052632 0.0822368421052632 0.0822368421052632 0.0625 0.0625 0.0986842105263158 0.0986842105263158 0.0789473684210526 0.0756578947368421
"sch19" 0.0986842105263158 0.0986842105263158 0.0789473684210526 0.0822368421052632 0.0822368421052632 0.0822368421052632 0.0625 0.0625 0.0986842105263158 0.0986842105263158 0.0789473684210526 0.0756578947368421
"sch19" 0.0986842105263158 0.0986842105263158 0.0789473684210526 0.0822368421052632 0.0822368421052632 0.0822368421052632 0.0625 0.0625 0.0986842105263158 0.0986842105263158 0.0789473684210526 0.0756578947368421
"sch19" 0.0986842105263158 0.0986842105263158 0.0789473684210526 0.0822368421052632 0.0822368421052632 0.0822368421052632 0.0625 0.0625 0.0986842105263158 0.0986842105263158 0.0789473684210526 0.0756578947368421
"sch19" 0.0986842105263158 0.0986842105263158 0.0789473684210526 0.0822368421052632 0.0822368421052632 0.0822368421052632 0.0625 0.0625 0.0986842105263158 0.0986842105263158 0.0789473684210526 0.0756578947368421
"sch19" 0.0986842105263158 0.0986842105263158 0.0789473684210526 0.0822368421052632 0.0822368421052632 0.0822368421052632 0.0625 0.0625 0.0986842105263158 0.0986842105263158 0.0789473684210526 0.0756578947368421
"sch19" 0.0986842105263158 0.0986842105263158 0.0789473684210526 0.0822368421052632 0.0822368421052632 0.0822368421052632 0.0625 0.0625 0.0986842105263158 0.0986842105263158 0.0789473684210526 0.0756578947368421
"sch19" 0.0986842105263158 0.0986842105263158 0.0789473684210526 0.0822368421052632 0.0822368421052632 0.0822368421052632 0.0625 0.0625 0.0986842105263158 0.0986842105263158 0.0789473684210526 0.0756578947368421
"sch19" 0.0986842105263158 0.0986842105263158 0.0789473684210526 0.0822368421052632 0.0822368421052632 0.0822368421052632 0.0625 0.0625 0.0986842105263158 0.0986842105263158 0.0789473684210526 0.0756578947368421
"sch20" 0.0941176470588235 0.0941176470588235 0.0823529411764706 0.0862745098039216 0.0901960784313725 0.0901960784313725 0.0705882352941176 0.0705882352941176 0.0823529411764706 0.0823529411764706 0.0784313725490196 0.0784313725490196
"sch20" 0.0941176470588235 0.0941176470588235 0.0823529411764706 0.0862745098039216 0.0901960784313725 0.0901960784313725 0.0705882352941176 0.0705882352941176 0.0823529411764706 0.0823529411764706 0.0784313725490196 0.0784313725490196
"sch20" 0.0941176470588235 0.0941176470588235 0.0823529411764706 0.0862745098039216 0.0901960784313725 0.0901960784313725 0.0705882352941176 0.0705882352941176 0.0823529411764706 0.0823529411764706 0.0784313725490196 0.0784313725490196
"sch20" 0.0941176470588235 0.0941176470588235 0.0823529411764706 0.0862745098039216 0.0901960784313725 0.0901960784313725 0.0705882352941176 0.0705882352941176 0.0823529411764706 0.0823529411764706 0.0784313725490196 0.0784313725490196
"sch20" 0.0941176470588235 0.0941176470588235 0.0823529411764706 0.0862745098039216 0.0901960784313725 0.0901960784313725 0.0705882352941176 0.0705882352941176 0.0823529411764706 0.0823529411764706 0.0784313725490196 0.0784313725490196
"sch20" 0.0941176470588235 0.0941176470588235 0.0823529411764706 0.0862745098039216 0.0901960784313725 0.0901960784313725 0.0705882352941176 0.0705882352941176 0.0823529411764706 0.0823529411764706 0.0784313725490196 0.0784313725490196
"sch20" 0.0941176470588235 0.0941176470588235 0.0823529411764706 0.0862745098039216 0.0901960784313725 0.0901960784313725 0.0705882352941176 0.0705882352941176 0.0823529411764706 0.0823529411764706 0.0784313725490196 0.0784313725490196
"sch20" 0.0941176470588235 0.0941176470588235 0.0823529411764706 0.0862745098039216 0.0901960784313725 0.0901960784313725 0.0705882352941176 0.0705882352941176 0.0823529411764706 0.0823529411764706 0.0784313725490196 0.0784313725490196
"sch20" 0.0941176470588235 0.0941176470588235 0.0823529411764706 0.0862745098039216 0.0901960784313725 0.0901960784313725 0.0705882352941176 0.0705882352941176 0.0823529411764706 0.0823529411764706 0.0784313725490196 0.0784313725490196
"sch20" 0.0941176470588235 0.0941176470588235 0.0823529411764706 0.0862745098039216 0.0901960784313725 0.0901960784313725 0.0705882352941176 0.0705882352941176 0.0823529411764706 0.0823529411764706 0.0784313725490196 0.0784313725490196
"sch20" 0.0941176470588235 0.0941176470588235 0.0823529411764706 0.0862745098039216 0.0901960784313725 0.0901960784313725 0.0705882352941176 0.0705882352941176 0.0823529411764706 0.0823529411764706 0.0784313725490196 0.0784313725490196
"sch20" 0.0941176470588235 0.0941176470588235 0.0823529411764706 0.0862745098039216 0.0901960784313725 0.0901960784313725 0.0705882352941176 0.0705882352941176 0.0823529411764706 0.0823529411764706 0.0784313725490196 0.0784313725490196
